final_snapshot_1893_1939:

AAIL_list :  [0.0022358711539433086, 0.0035784079910285427, 0.0051092346558272075, 0.006713927930442817, 0.007795260851399989, 0.00890650505066819, 0.010959953538011658, 0.01275836036673378, 0.0026549890895968794, 0.003399003294896995, 0.005425818214338676, 0.006864198201849285, 0.00686227603754759, 0.009821808560779646, 0.009220819015643134, 0.010478162509818865, 0.0027096652838669044, 0.003780937498159501, 0.005118095112085513, 0.0062886036447230296, 0.0081072814787997, 0.008551119864985858, 0.009311568046701385, 0.011252492831965558, 0.0026976482143466784, 0.0033656375747426015, 0.005277647819184465, 0.006293734011449514, 0.008939383339601955, 0.008613584136184528, 0.010195217095412249, 0.010430936820651406]
AIL_list :  [0.20619068669109547, 0.18732599715564918, 0.17785804995065663, 0.19053334446672043, 0.19697675846200297, 0.188066307666974, 0.19670074576755314, 0.16284741147021273, 0.2133401268454034, 0.19092140536494043, 0.16951574778576267, 0.2067734160195898, 0.19749888210339683, 0.1886830506135727, 0.22018980730478457, 0.20854517971795447, 0.2019535914735633, 0.17852429723846827, 0.2005195089676652, 0.18582878181680526, 0.21942987496584165, 0.19376128581820148, 0.18475443000702557, 0.1865072639822895, 0.3294790287981699, 0.18388329465566502, 0.18863828191251394, 0.1836636290979213, 0.19248373632935334, 0.18193837753354278, 0.1784731711184245, 0.19723874386175005]
SE_list :  [0.7022, 0.6854, 0.6445, 0.6387, 0.6069, 0.6072, 0.5891, 0.5752, 0.7076, 0.6892, 0.6301, 0.6351, 0.5985, 0.6022, 0.5774, 0.5960, 0.7018, 0.6823, 0.6342, 0.6246, 0.6065, 0.6080, 0.5802, 0.5846, 0.7337, 0.6836, 0.6402, 0.6299, 0.6008, 0.6005, 0.5820, 0.5830]
SA_list :  [0.5081, 0.5121, 0.5102, 0.5113, 0.5080, 0.5080, 0.5154, 0.5095, 0.5128, 0.5082, 0.5123, 0.5088, 0.5110, 0.5089, 0.5103, 0.5106, 0.5139, 0.5039, 0.5113, 0.5108, 0.5091, 0.5147, 0.5083, 0.5108, 0.5076, 0.5073, 0.5093, 0.5130, 0.5092, 0.5095, 0.5121, 0.5142]




final_snapshot_1940_1969:


AAIL_list :  [0.002155911268362804, 0.003480279166650883, 0.005250050049897049, 0.007326641553630408, 0.008428721945231206, 0.008956835717540175, 0.011960993182917098, 0.01166796558265892, 0.0028904470987677756, 0.0034033929031279026, 0.005544244108760504, 0.0062043134149112975, 0.008804491857186387, 0.00891762012164341, 0.009442031176736802, 0.012574326080386515, 0.0024970499424176937, 0.0033942063614567737, 0.005858724150386908, 0.006786807835337665, 0.006807367309772924, 0.00893685521421684, 0.010970923408205067, 0.011181358644664277, 0.0029251153407131338, 0.0033655723088672207, 0.004337838026251973, 0.006445453381918621, 0.007255057675956368, 0.007769154168151246, 0.010580624113624483, 0.010841950590238986]
AIL_list :  [0.2027442321581711, 0.17791738708284022, 0.20345645542965066, 0.18044199527740032, 0.19576729760456751, 0.18501850672404455, 0.18844604166669457, 0.1685979837049685, 0.21074079880437804, 0.1902066137884671, 0.18149269659288095, 0.17862925149289344, 0.20257520910755056, 0.20419391103972054, 0.1911341238319188, 0.2039969469015704, 0.2117550615806555, 0.17716082712196074, 0.19170691092348835, 0.18430663183667523, 0.19677632010676555, 0.18260199003281344, 0.21761215495648634, 0.18530883552290733, 0.32865456412499916, 0.18923682896468558, 0.19468967497255132, 0.1722527262643295, 0.18094126904064117, 0.16610811299093164, 0.2001164729826677, 0.2024530537994952]
SE_list :  [0.6997, 0.6823, 0.6341, 0.6298, 0.6061, 0.6011, 0.5818, 0.5817, 0.7041, 0.6875, 0.6289, 0.6250, 0.5971, 0.6084, 0.5891, 0.5873, 0.7045, 0.6827, 0.6307, 0.6289, 0.6027, 0.5991, 0.5785, 0.5754, 0.7374, 0.6841, 0.6427, 0.6342, 0.5954, 0.5927, 0.5841, 0.5828]
SA_list :  [0.5222, 0.5169, 0.5179, 0.5152, 0.5166, 0.5147, 0.5149, 0.5175, 0.5166, 0.5165, 0.5184, 0.5167, 0.5161, 0.5171, 0.5163, 0.5148, 0.5178, 0.5132, 0.5179, 0.5156, 0.5129, 0.5177, 0.5160, 0.5197, 0.5111, 0.5156, 0.5213, 0.5154, 0.5169, 0.5152, 0.5160, 0.5169]




final_snapshot_1970_1986:

AAIL_list :  [0.002355393108725282, 0.003471002178375101, 0.0048239808300887576, 0.005762359369415081, 0.007985824091477405, 0.008643042065475623, 0.009286149839065531, 0.012215318090416158, 0.0026128637583673147, 0.0032348863004895145, 0.004300429833401322, 0.006106533659508822, 0.0074140618635635085, 0.009465619045336635, 0.009292521693693915, 0.011649056332459527, 0.0026157875692240378, 0.0036648622517824626, 0.004648105538392075, 0.00594187145053618, 0.006416148118831481, 0.008919747507694236, 0.008962417107316146, 0.010828787376132926, 0.0024937251500997334, 0.003482516016155374, 0.004610117322246088, 0.005761070587214811, 0.006423069748153069, 0.0076545399355301, 0.00951275820013598, 0.011420188086808971]
AIL_list :  [0.19177437123283625, 0.19294263851344468, 0.1813444678054392, 0.1776144740451065, 0.19281042887137514, 0.18588685849786968, 0.19160903791482664, 0.18166383619081022, 0.18294078345618633, 0.19983884042546943, 0.1863616692705092, 0.18139044896115825, 0.19992236454424808, 0.1801899088221704, 0.1877097139876012, 0.1842389075000209, 0.20265113384885092, 0.17288871286800686, 0.17581692526565407, 0.18268472065226654, 0.18208869478813663, 0.1944925345774439, 0.18710065050055322, 0.16541249388505733, 0.3193629373896528, 0.18705482584274616, 0.18514566764803608, 0.1805911216035157, 0.18781656875372568, 0.19857853032173556, 0.1895983081826347, 0.18585856326272457]
SE_list :  [0.7050, 0.6974, 0.6382, 0.6284, 0.5960, 0.6042, 0.5900, 0.5739, 0.7002, 0.6898, 0.6362, 0.6281, 0.6036, 0.5959, 0.5753, 0.5818, 0.7043, 0.6865, 0.6362, 0.6286, 0.5998, 0.6022, 0.5838, 0.5736, 0.7390, 0.6833, 0.6398, 0.6356, 0.6092, 0.6085, 0.5840, 0.5860]
SA_list :  [0.5108, 0.5086, 0.5133, 0.5072, 0.5151, 0.5113, 0.5110, 0.5125, 0.5083, 0.5078, 0.5125, 0.5126, 0.5136, 0.5105, 0.5125, 0.5106, 0.5092, 0.5120, 0.5159, 0.5117, 0.5129, 0.5117, 0.5114, 0.5121, 0.5093, 0.5108, 0.5133, 0.5145, 0.5134, 0.5072, 0.5122, 0.5143]


final_snapshot_1987_2002:


AAIL_list :  [0.00217665326288336, 0.0029142823915060964, 0.0044724559995529475, 0.0064642574757593895, 0.007521198949651021, 0.0091582693369756, 0.009418866913199297, 0.010879123659764739, 0.0023347443557217838, 0.0029159111320838137, 0.004887495603254012, 0.006537367155599206, 0.006457788569134077, 0.007838637639808323, 0.009370089354920967, 0.01128953177291626, 0.0024924407777873487, 0.0032783198408909376, 0.004736898507568255, 0.006289068386231028, 0.007095629565466661, 0.009380447869933238, 0.008881869720895906, 0.010828516777860488, 0.0026621013725045524, 0.0037636669667014426, 0.004023627794167217, 0.00605346210803624, 0.007373365707067582, 0.008157150672130513, 0.008255861128609907, 0.01091529424711452]
AIL_list :  [0.20444101843875487, 0.18898419106971803, 0.1886687469450125, 0.1917675061444351, 0.20343984076988816, 0.16241876339556086, 0.22235233277130462, 0.18704570302741358, 0.1963305940890935, 0.19603788541814468, 0.1801839745067699, 0.18531927127025252, 0.2100583997400559, 0.20146118425213724, 0.18600076275266328, 0.18360410581750194, 0.21201449207060488, 0.1817779447133112, 0.1924372978257598, 0.1858761939515651, 0.1908757370706786, 0.1811035040330717, 0.20371980837262688, 0.16010955044198805, 0.3234695649283729, 0.17833247145021264, 0.1955302858974717, 0.18520449297979497, 0.18782984882037745, 0.21482938900816825, 0.178602834934444, 0.17510662027820398]
SE_list :  [0.7143, 0.7004, 0.6500, 0.6490, 0.6170, 0.5992, 0.5993, 0.5909, 0.7139, 0.7003, 0.6514, 0.6357, 0.6175, 0.6121, 0.6069, 0.5999, 0.7133, 0.6920, 0.6514, 0.6446, 0.6126, 0.6042, 0.5863, 0.5916, 0.7399, 0.6925, 0.6451, 0.6408, 0.6208, 0.6161, 0.5969, 0.5920]
SA_list :  [0.5174, 0.5178, 0.5136, 0.5057, 0.5137, 0.5138, 0.5116, 0.5134, 0.5140, 0.5108, 0.5111, 0.5141, 0.5131, 0.5122, 0.5163, 0.5087, 0.5074, 0.5116, 0.5129, 0.5143, 0.5123, 0.5121, 0.5081, 0.5127, 0.5082, 0.5081, 0.5141, 0.5113, 0.5122, 0.5166, 0.5140, 0.5133]







final_snapshot_2003_2017:

AAIL_list :  [0.002596225162979911, 0.0029022039683238385, 0.004213288711476679, 0.005614062807814452, 0.007542566296979621, 0.008527169623340538, 0.010373504555852314, 0.010397749731549144, 0.002066655343223897, 0.003360217241451852, 0.004976520691980127, 0.005236506341552082, 0.007551897309249414, 0.008169986142557649, 0.00866971008580251, 0.010383095589881904, 0.0019599866719773613, 0.0031148527110912757, 0.0040743889533114966, 0.006309036362776448, 0.007063515225456705, 0.008085086137282725, 0.010122253858354453, 0.008734405630257494, 0.002540778801403972, 0.0031571103423003676, 0.0047586288403172385, 0.0049082473681440345, 0.006472101327715805, 0.008004868871282848, 0.010205512004819577, 0.010140193663291323]
AIL_list :  [0.2016495185575782, 0.1787935739469469, 0.19882846526380107, 0.18374794363038102, 0.19950071605613048, 0.20544363532182683, 0.18686886316590365, 0.19122544655614582, 0.2058664992588875, 0.18423641104786503, 0.17457116889843752, 0.18534439133756403, 0.19060236945567713, 0.18886970996475297, 0.19970861079629068, 0.17373446122763758, 0.20949942469958538, 0.18640564471879092, 0.19003645023537113, 0.19366039062638746, 0.2028358771723151, 0.19093186412720398, 0.21434311915238732, 0.20522591183684913, 0.31345135266473717, 0.18412863310704838, 0.20503201826738446, 0.18536079302496272, 0.2076846296364811, 0.18882599526151198, 0.2033354066926929, 0.16959007260233708]
SE_list :  [0.7112, 0.6918, 0.6488, 0.6414, 0.6118, 0.6122, 0.6028, 0.5861, 0.7188, 0.6970, 0.6461, 0.6474, 0.6228, 0.6130, 0.5945, 0.5865, 0.7159, 0.6964, 0.6552, 0.6497, 0.6154, 0.6096, 0.6019, 0.5924, 0.7486, 0.7013, 0.6509, 0.6438, 0.6033, 0.6057, 0.5997, 0.5877]
SA_list :  [0.5152, 0.5106, 0.5134, 0.5157, 0.5133, 0.5180, 0.5141, 0.5147, 0.5150, 0.5109, 0.5135, 0.5127, 0.5145, 0.5130, 0.5110, 0.5152, 0.5121, 0.5123, 0.5107, 0.5091, 0.5148, 0.5105, 0.5165, 0.5136, 0.5092, 0.5115, 0.5119, 0.5140, 0.5156, 0.5105, 0.5137, 0.5126]












































